Starting preprocessing of the model file ...
Found 29 equation(s).
Evaluating expressions...done
Computing static model derivatives (order 1).
Computing dynamic model derivatives (order 2).
Processing outputs ...
done
Preprocessing completed.

You did not declare endogenous variables after the estimation/calib_smoother command.

[Warning: Some of the parameters have no value (beta_const) when using initial_estimation_checks. If these parameters are not initialized in a steadystate file or a
steady_state_model-block, Dynare may not be able to solve the model...] 
Initial value of the log posterior (or likelihood): -1045.224

RESULTS FROM POSTERIOR ESTIMATION
parameters
         prior mean     mode    s.d. prior pstdev

phi          4.000   3.2125     NaN norm 1.5000 
sigma_c      1.500   1.4732     NaN norm 0.3750 
lambda       0.700   0.6455     NaN beta 0.1000 
xi_w         0.500   0.3549     NaN beta 0.1000 
sigma_l      2.000   0.2500     NaN norm 0.7500 
xi_p         0.500   0.9044     NaN beta 0.1000 
iota_w       0.500   0.1119     NaN beta 0.1500 
iota_p       0.500   0.2377     NaN beta 0.1500 
psi          0.500   0.4165     NaN beta 0.1500 
phi_p        1.250   1.5826     NaN norm 0.1250 
r_pi         1.500   1.5962     NaN norm 0.2500 
rho          0.750   0.8694     NaN beta 0.1000 
r_y          0.125   0.1269     NaN norm 0.0500 
r_dy         0.125   0.1930     NaN norm 0.0500 
pi_bar       0.625   0.7901     NaN gamm 0.1000 
l_bar        0.000   1.1534     NaN norm 2.0000 
gamma_bar    0.400   0.4528     NaN norm 0.1000 
alpha        0.300   0.2262     NaN norm 0.0500 
rho_a        0.500   0.9563     NaN beta 0.2000 
rho_b        0.500   0.2086     NaN beta 0.2000 
rho_g        0.500   0.9638     NaN beta 0.2000 
rho_i        0.500   0.7578     NaN beta 0.2000 
rho_r        0.500   0.0427     NaN beta 0.2000 
rho_p        0.500   0.0225     NaN beta 0.2000 
rho_w        0.500   0.9833     NaN beta 0.2000 
rho_ga       0.500   0.6017     NaN norm 0.2500 

standard deviation of shocks
         prior mean     mode    s.d. prior pstdev

eta_a        0.100   0.4487     NaN invg 2.0000 
eta_b        0.100   1.6873     NaN invg 2.0000 
eta_g        0.100   0.5079     NaN invg 2.0000 
eta_i        0.100   0.4825     NaN invg 2.0000 
eta_r        0.100   0.2202     NaN invg 2.0000 
eta_p        0.100   0.3888     NaN invg 2.0000 
eta_w        0.100   0.2082     NaN invg 2.0000 
eta_pi_exp   0.100   0.1818     NaN invg 2.0000 

[Warning: Some of the parameters have no value (beta_const) when using stoch_simul. If these parameters are not initialized in a steadystate file or a steady_state_model-block, Dynare may
not be able to solve the model...] 

MODEL SUMMARY

  Number of variables:         29
  Number of stochastic shocks: 8
  Number of state variables:   14
  Number of jumpers:           7
  Number of static variables:  12


MATRIX OF COVARIANCE OF EXOGENOUS SHOCKS
Variables          eta_a       eta_b       eta_g       eta_i       eta_r       eta_p       eta_w  eta_pi_exp
eta_a           0.201301    0.000000    0.000000    0.000000    0.000000    0.000000    0.000000    0.000000
eta_b           0.000000    2.847130    0.000000    0.000000    0.000000    0.000000    0.000000    0.000000
eta_g           0.000000    0.000000    0.257990    0.000000    0.000000    0.000000    0.000000    0.000000
eta_i           0.000000    0.000000    0.000000    0.232848    0.000000    0.000000    0.000000    0.000000
eta_r           0.000000    0.000000    0.000000    0.000000    0.048472    0.000000    0.000000    0.000000
eta_p           0.000000    0.000000    0.000000    0.000000    0.000000    0.151183    0.000000    0.000000
eta_w           0.000000    0.000000    0.000000    0.000000    0.000000    0.000000    0.043354    0.000000
eta_pi_exp      0.000000    0.000000    0.000000    0.000000    0.000000    0.000000    0.000000    0.033066

POLICY AND TRANSITION FUNCTIONS
                                  mc            zcap              rk               k               q               c            inve               y             lab            pinf               w               r              kp           eps_a           eps_b           eps_g           eps_i           eps_r           eps_p           eps_w        pinf_exp          labobs            robs   cpi_quarterly              dy              dc           dinve              dw    inf_fore_1_4
Constant                           0               0               0               0               0               0               0               0               0               0               0               0               0               0               0               0               0               0               0               0               0        1.153442        1.513903        0.790068        0.452815        0.452815        0.452815        0.452815        0.790068
y(-1)                       0.155719        0.173926        0.124142        0.173926        0.467423        0.173237        0.384589        0.225277        0.133115        0.007151        0.164953       -0.144334        0.011305               0               0               0               0               0               0               0        0.008633        0.133115       -0.144334        0.007151       -0.774723        0.173237        0.384589        0.164953        0.008633
r(-1)                      -0.701346       -0.783345       -0.559122       -0.783345       -2.105228       -0.780242       -1.732152       -1.014626       -0.599536       -0.032206       -0.742931        0.650066       -0.050917               0               0               0               0               0               0               0       -0.038881       -0.599536        0.650066       -0.032206       -1.014626       -0.780242       -1.732152       -0.742931       -0.038881
kp(-1)                     -0.086296       -0.680540       -0.485743        0.319460        0.010439        0.049169       -0.013160       -0.126586       -0.196782       -0.001830        0.030499       -0.026914        0.970218               0               0               0               0               0               0               0       -0.002138       -0.196782       -0.026914       -0.001830       -0.126586        0.049169       -0.013160        0.030499       -0.002138
eps_a(-1)                  -1.168099       -0.736425       -0.525632       -0.736425        0.094943       -0.059800        0.262716       -0.148695       -1.142021       -0.029710       -0.120035       -0.049074        0.007723        0.956302               0               0               0               0               0               0       -0.035074       -1.142021       -0.049074       -0.029710       -0.148695       -0.059800        0.262716       -0.120035       -0.035074
eps_b(-1)                  -0.030049       -0.040391       -0.028830       -0.040391       -0.221992       -0.064601       -0.064030       -0.061993       -0.038815       -0.000280       -0.030406       -0.013052       -0.001882               0        0.208604               0               0               0               0               0       -0.000302       -0.038815       -0.013052       -0.000280       -0.061993       -0.064601       -0.064030       -0.030406       -0.000302
eps_g(-1)                  -0.043968        0.271697        0.193927        0.271697       -0.566029       -0.164483       -0.568657        0.806469        0.579149       -0.008264       -0.113526        0.167318       -0.016716               0               0        0.963778               0               0               0               0       -0.010183        0.579149        0.167318       -0.008264        0.806469       -0.164483       -0.568657       -0.113526       -0.010183
eps_i(-1)                  -0.023870        0.142319        0.101582        0.142319       -1.440842       -0.185884        2.434693        0.423770        0.304452        0.003122       -0.060551        0.089475        0.143780               0               0               0        0.757831               0               0               0        0.003908        0.304452        0.089475        0.003122        0.423770       -0.185884        2.434693       -0.060551        0.003908
eps_r(-1)                  -0.035949       -0.040084       -0.028610       -0.040084       -0.106619       -0.039683       -0.088884       -0.051822       -0.030599       -0.001660       -0.038095        0.031456       -0.002613               0               0               0               0        0.042664               0               0       -0.002004       -0.030599        0.031456       -0.001660       -0.051822       -0.039683       -0.088884       -0.038095       -0.002004
eps_p(-1)                  -0.019775       -0.014669       -0.010470       -0.014669       -0.009263       -0.003881       -0.013459       -0.008489       -0.002644        0.028154       -0.022496        0.004087       -0.000396               0               0               0               0               0        0.022536               0        0.006998       -0.002644        0.004087        0.028154       -0.008489       -0.003881       -0.013459       -0.022496        0.006998
eps_w(-1)                   2.474825        1.569667        1.120368        1.569667        1.272640       -0.423639        1.179789        0.340588       -0.180821        0.359650        2.870856        0.146335        0.034680               0               0               0               0               0               0        0.983336        0.442323       -0.180821        0.146335        0.359650        0.340588       -0.423639        1.179789        2.870856        0.442323
c(-1)                       0.060932        0.197002        0.140612        0.197002       -0.185119        0.672835       -0.090331        0.437871        0.299979        0.000913        0.037634        0.091970       -0.002655               0               0               0               0               0               0               0        0.001040        0.299979        0.091970        0.000913        0.437871       -0.327165       -0.090331        0.037634        0.001040
inve(-1)                    0.025369        0.083885        0.059874        0.083885       -0.146962        0.005405        0.795205        0.187362        0.128479        0.000504        0.015280        0.039377        0.023375               0               0               0               0               0               0               0        0.000586        0.128479        0.039377        0.000504        0.187362        0.005405       -0.204795        0.015280        0.000586
pinf(-1)                   -0.104866       -0.084665       -0.060431       -0.084665       -0.081814       -0.035009       -0.111147       -0.063667       -0.027238        0.234953       -0.117858        0.035616       -0.003267               0               0               0               0               0               0               0        0.053260       -0.027238        0.035616        0.234953       -0.063667       -0.035009       -0.111147       -0.117858        0.053260
w(-1)                       0.543555        0.341569        0.243799        0.341569       -0.009371       -0.017589       -0.001599        0.066173       -0.045832        0.002195        0.631200        0.014328       -0.000047               0               0               0               0               0               0               0        0.001896       -0.045832        0.014328        0.002195        0.066173       -0.017589       -0.001599       -0.368800        0.001896
eta_a                      -0.991226       -0.312622       -0.223138       -0.312622        0.519438        0.121468        0.556155        0.720811       -0.612344       -0.024393        0.076583       -0.185715        0.016348        1.000000               0        0.601701               0               0               0               0       -0.028748       -0.612344       -0.185715       -0.024393        0.720811        0.121468        0.556155        0.076583       -0.028748
eta_b                      -0.144050       -0.193628       -0.138204       -0.193628       -1.064180       -0.309686       -0.306948       -0.297180       -0.186073       -0.001342       -0.145760       -0.062570       -0.009023               0        1.000000               0               0               0               0               0       -0.001446       -0.186073       -0.062570       -0.001342       -0.297180       -0.309686       -0.306948       -0.145760       -0.001446
eta_g                      -0.045620        0.281908        0.201215        0.281908       -0.587303       -0.170665       -0.590029        0.836780        0.600916       -0.008574       -0.117793        0.173607       -0.017344               0               0        1.000000               0               0               0               0       -0.010566        0.600916        0.173607       -0.008574        0.836780       -0.170665       -0.590029       -0.117793       -0.010566
eta_i                      -0.031497        0.187798        0.134043        0.187798       -1.901270       -0.245285        3.212711        0.559187        0.401741        0.004119       -0.079900        0.118067        0.189725               0               0               0        1.000000               0               0               0        0.005157        0.401741        0.118067        0.004119        0.559187       -0.245285        3.212711       -0.079900        0.005157
eta_r                      -0.842614       -0.939530       -0.670600       -0.939530       -2.499039       -0.930125       -2.083352       -1.214656       -0.717220       -0.038909       -0.892910        0.737294       -0.061240               0               0               0               0        1.000000               0               0       -0.046979       -0.717220        0.737294       -0.038909       -1.214656       -0.930125       -2.083352       -0.892910       -0.046979
eta_p                      -0.877488       -0.650917       -0.464600       -0.650917       -0.411042       -0.172205       -0.597224       -0.376700       -0.117304        1.249280       -0.998213        0.181374       -0.017555               0               0               0               0               0        1.000000               0        0.310524       -0.117304        0.181374        1.249280       -0.376700       -0.172205       -0.597224       -0.998213        0.310524
eta_w                       2.516765        1.596268        1.139355        1.596268        1.294207       -0.430818        1.199783        0.346360       -0.183885        0.365744        2.919508        0.148815        0.035268               0               0               0               0               0               0        1.000000        0.449819       -0.183885        0.148815        0.365744        0.346360       -0.430818        1.199783        2.919508        0.449819
eta_pi_exp                 -0.049998       -0.029286       -0.020903       -0.029286        0.535284        0.097176       -0.256231       -0.000304        0.008315        0.987825       -0.058504        0.205785       -0.007532               0               0               0               0               0               0               0        1.225307        0.008315        0.205785        0.987825       -0.000304        0.097176       -0.256231       -0.058504        1.225307


MOMENTS OF SIMULATED VARIABLES
VARIABLE                   MEAN       STD. DEV.        VARIANCE        SKEWNESS        KURTOSIS
mc                    -0.570595        5.780690       33.416374        0.063308        0.034700
zcap                  -0.254159        4.417557       19.514809        0.019112        0.008133
rk                    -0.181409        3.153082        9.941927        0.019112        0.008133
k                     -0.237291        4.603270       21.190091        0.036741        0.002429
q                     -0.027348        3.025151        9.151536        0.036072        0.010803
c                      0.430191        4.806461       23.102071       -0.139173       -0.019667
inve                   0.006611       11.041269      121.909630        0.003637       -0.035167
y                      0.240386        4.100746       16.816121        0.040673       -0.025208
lab                    0.260555        2.945563        8.676339       -0.067826       -0.084232
pinf                  -0.051622        0.743185        0.552323        0.028731       -0.000429
w                     -0.679255        6.820462       46.518696        0.093836       -0.014228
r                     -0.051136        0.690732        0.477110        0.065286        0.049581
kp                     0.016953        6.353054       40.361296       -0.053227       -0.117905
eps_a                  0.003973        1.508356        2.275138        0.032450       -0.047583
eps_b                 -0.003133        1.726341        2.980253       -0.005904       -0.005956
eps_g                  0.033060        2.108726        4.446725        0.086246       -0.043190
eps_i                  0.004068        0.743398        0.552641       -0.008050       -0.045975
eps_r                  0.000247        0.219580        0.048215        0.012256       -0.009332
eps_p                  0.001769        0.387312        0.150010        0.004438       -0.021262
eps_w                 -0.118053        1.122307        1.259573        0.122803       -0.087605
pinf_exp              -0.053044        0.570866        0.325888        0.066200       -0.027501
labobs                 1.413996        2.945563        8.676339       -0.067826       -0.084232
robs                   1.462767        0.690732        0.477110        0.065286        0.049581
cpi_quarterly          0.738446        0.743185        0.552323        0.028731       -0.000429
dy                     0.452773        0.945483        0.893938        0.009944        0.000553
dc                     0.452644        0.682957        0.466431        0.011888       -0.011095
dinve                  0.452939        2.270315        5.154332        0.013466       -0.044647
dw                     0.453210        0.934861        0.873964        0.008394        0.000477
inf_fore_1_4           0.737024        0.570866        0.325888        0.066200       -0.027501


CORRELATION OF SIMULATED VARIABLES
VARIABLE                    mc           zcap             rk              k              q              c           inve              y            lab           pinf              w              r             kp          eps_a          eps_b          eps_g          eps_i          eps_r          eps_p          eps_w       pinf_exp         labobs           robs  cpi_quarterly             dy             dc          dinve             dw   inf_fore_1_4
mc                      1.0000         0.6204         0.6204         0.6664         0.0727        -0.6419         0.1470        -0.2922        -0.5009         0.6162         0.9529         0.7138         0.0576        -0.2052        -0.0518        -0.1260         0.0105        -0.0287        -0.0574         0.9220         0.8382        -0.5009         0.7138         0.6162        -0.0404        -0.0535        -0.0154         0.0763         0.8382
zcap                    0.6204         1.0000         1.0000         0.0085         0.1676        -0.5862        -0.0950        -0.1521        -0.0708         0.3790         0.4986         0.4640        -0.6737        -0.1602        -0.0887         0.1518         0.0055        -0.0433        -0.0559         0.5901         0.5361        -0.0708         0.4640         0.3790         0.1119         0.0169         0.1826         0.1501         0.5361
rk                      0.6204         1.0000         1.0000         0.0085         0.1676        -0.5862        -0.0950        -0.1521        -0.0708         0.3790         0.4986         0.4640        -0.6737        -0.1602        -0.0887         0.1518         0.0055        -0.0433        -0.0559         0.5901         0.5361        -0.0708         0.4640         0.3790         0.1119         0.0169         0.1826         0.1501         0.5361
k                       0.6664         0.0085         0.0085         1.0000        -0.0909        -0.0230         0.6311         0.3002        -0.1899         0.3331         0.7608         0.4413         0.7318         0.1122        -0.0839        -0.0741         0.1748        -0.0481        -0.0537         0.5209         0.4732        -0.1899         0.4413         0.3331        -0.0625        -0.0331        -0.1070         0.0717         0.4732
q                       0.0727         0.1676         0.1676        -0.0909         1.0000         0.1111        -0.3973        -0.1197        -0.1425         0.0023         0.0777        -0.2959        -0.2047         0.0725        -0.5931        -0.0353        -0.6617        -0.1822        -0.0500         0.0582         0.0538        -0.1425        -0.2959         0.0023         0.2941         0.5492         0.0009         0.3248         0.0538
c                      -0.6419        -0.5862        -0.5862        -0.0230         0.1111         1.0000         0.3298         0.6778         0.6812        -0.5608        -0.5807        -0.6862         0.3960         0.1510        -0.1285        -0.1583        -0.0275        -0.0514        -0.0155        -0.8096        -0.7024         0.6812        -0.6862        -0.5608         0.0279         0.0713        -0.0281         0.0806        -0.7024
inve                    0.1470        -0.0950        -0.0950         0.6311        -0.3973         0.3298         1.0000         0.6774         0.2904        -0.0021         0.2566         0.1977         0.5654         0.2892        -0.0566        -0.1848         0.5691        -0.0506        -0.0246         0.0056         0.0212         0.2904         0.1977        -0.0021         0.0665         0.0751         0.1028         0.0959         0.0212
y                      -0.2922        -0.1521        -0.1521         0.3002        -0.1197         0.6778         0.6774         1.0000         0.6940        -0.3216        -0.1674        -0.2439         0.3517         0.4620        -0.1414         0.3343         0.2939        -0.0741        -0.0353        -0.4135        -0.3768         0.6940        -0.2439        -0.3216         0.1153         0.0810         0.0665         0.1399        -0.3768
lab                    -0.5009        -0.0708        -0.0708        -0.1899        -0.1425         0.6812         0.2904         0.6940         1.0000        -0.4755        -0.5928        -0.3510        -0.0681        -0.1878        -0.1277         0.1166         0.2531        -0.0595        -0.0172        -0.7038        -0.5896         1.0000        -0.3510        -0.4755         0.0977         0.0722         0.0809         0.1138        -0.5896
pinf                    0.6162         0.3790         0.3790         0.3331         0.0023        -0.5608        -0.0021        -0.3216        -0.4755         1.0000         0.6054         0.6170        -0.0217        -0.0639        -0.0032        -0.0199        -0.0053        -0.0158         0.6582         0.6908         0.8636        -0.4755         0.6170         1.0000        -0.1417        -0.1389        -0.0832        -0.1995         0.8636
w                       0.9529         0.4986         0.4986         0.7608         0.0777        -0.5807         0.2566        -0.1674        -0.5928         0.6054         1.0000         0.6639         0.2118         0.0827        -0.0425        -0.0302         0.0112        -0.0268        -0.0547         0.9283         0.8218        -0.5928         0.6639         0.6054        -0.0327        -0.0457        -0.0227         0.0687         0.8218
r                       0.7138         0.4640         0.4640         0.4413        -0.2959        -0.6862         0.1977        -0.2439        -0.3510         0.6170         0.6639         1.0000         0.0107        -0.1934        -0.1830         0.0487         0.3053         0.2431         0.1022         0.7416         0.7108        -0.3510         1.0000         0.6170        -0.0832        -0.1050        -0.0866        -0.0906         0.7108
kp                      0.0576        -0.6737        -0.6737         0.7318        -0.2047         0.3960         0.5654         0.3517        -0.0681        -0.0217         0.2118         0.0107         1.0000         0.2018        -0.0021        -0.1641         0.1594        -0.0072        -0.0013        -0.0318        -0.0279        -0.0681         0.0107        -0.0217        -0.1128        -0.0316        -0.1859        -0.0458        -0.0279
eps_a                  -0.2052        -0.1602        -0.1602         0.1122         0.0725         0.1510         0.2892         0.4620        -0.1878        -0.0639         0.0827        -0.1934         0.2018         1.0000         0.0080         0.4492         0.0018        -0.0041         0.0024        -0.0064        -0.0832        -0.1878        -0.1934        -0.0639         0.0936         0.0529         0.0659         0.0190        -0.0832
eps_b                  -0.0518        -0.0887        -0.0887        -0.0839        -0.5931        -0.1285        -0.0566        -0.1414        -0.1277        -0.0032        -0.0425        -0.1830        -0.0021         0.0080         1.0000         0.0080         0.0029        -0.0011         0.0023         0.0005        -0.0048        -0.1277        -0.1830        -0.0032        -0.4962        -0.7243        -0.2112        -0.2546        -0.0048
eps_g                  -0.1260         0.1518         0.1518        -0.0741        -0.0353        -0.1583        -0.1848         0.3343         0.1166        -0.0199        -0.0302         0.0487        -0.1641         0.4492         0.0080         1.0000        -0.0113         0.0032         0.0063         0.0403        -0.0294         0.1166         0.0487        -0.0199         0.0598        -0.0316        -0.0297        -0.0159        -0.0294
eps_i                   0.0105         0.0055         0.0055         0.1748        -0.6617        -0.0275         0.5691         0.2939         0.2531        -0.0053         0.0112         0.3053         0.1594         0.0018         0.0029        -0.0113         1.0000        -0.0037        -0.0056        -0.0106        -0.0011         0.2531         0.3053        -0.0053         0.2984        -0.0679         0.6545         0.0188        -0.0011
eps_r                  -0.0287        -0.0433        -0.0433        -0.0481        -0.1822        -0.0514        -0.0506        -0.0741        -0.0595        -0.0158        -0.0268         0.2431        -0.0072        -0.0041        -0.0011         0.0032        -0.0037         1.0000        -0.0093         0.0057        -0.0171        -0.0595         0.2431        -0.0158        -0.2891        -0.3050        -0.2060        -0.2065        -0.0171
eps_p                  -0.0574        -0.0559        -0.0559        -0.0537        -0.0500        -0.0155        -0.0246        -0.0353        -0.0172         0.6582        -0.0547         0.1022        -0.0013         0.0024         0.0023         0.0063        -0.0056        -0.0093         1.0000         0.0032         0.2167        -0.0172         0.1022         0.6582        -0.1554        -0.1008        -0.1064        -0.4109         0.2167
eps_w                   0.9220         0.5901         0.5901         0.5209         0.0582        -0.8096         0.0056        -0.4135        -0.7038         0.6908         0.9283         0.7416        -0.0318        -0.0064         0.0005         0.0403        -0.0106         0.0057         0.0032         1.0000         0.8883        -0.7038         0.7416         0.6908        -0.0251        -0.0921         0.0120         0.1232         0.8883
pinf_exp                0.8382         0.5361         0.5361         0.4732         0.0538        -0.7024         0.0212        -0.3768        -0.5896         0.8636         0.8218         0.7108        -0.0279        -0.0832        -0.0048        -0.0294        -0.0011        -0.0171         0.2167         0.8883         1.0000        -0.5896         0.7108         0.8636        -0.0603        -0.0950        -0.0178         0.0281         1.0000
labobs                 -0.5009        -0.0708        -0.0708        -0.1899        -0.1425         0.6812         0.2904         0.6940         1.0000        -0.4755        -0.5928        -0.3510        -0.0681        -0.1878        -0.1277         0.1166         0.2531        -0.0595        -0.0172        -0.7038        -0.5896         1.0000        -0.3510        -0.4755         0.0977         0.0722         0.0809         0.1138        -0.5896
robs                    0.7138         0.4640         0.4640         0.4413        -0.2959        -0.6862         0.1977        -0.2439        -0.3510         0.6170         0.6639         1.0000         0.0107        -0.1934        -0.1830         0.0487         0.3053         0.2431         0.1022         0.7416         0.7108        -0.3510         1.0000         0.6170        -0.0832        -0.1050        -0.0866        -0.0906         0.7108
cpi_quarterly           0.6162         0.3790         0.3790         0.3331         0.0023        -0.5608        -0.0021        -0.3216        -0.4755         1.0000         0.6054         0.6170        -0.0217        -0.0639        -0.0032        -0.0199        -0.0053        -0.0158         0.6582         0.6908         0.8636        -0.4755         0.6170         1.0000        -0.1417        -0.1389        -0.0832        -0.1995         0.8636
dy                     -0.0404         0.1119         0.1119        -0.0625         0.2941         0.0279         0.0665         0.1153         0.0977        -0.1417        -0.0327        -0.0832        -0.1128         0.0936        -0.4962         0.0598         0.2984        -0.2891        -0.1554        -0.0251        -0.0603         0.0977        -0.0832        -0.1417         1.0000         0.5473         0.6120         0.3697        -0.0603
dc                     -0.0535         0.0169         0.0169        -0.0331         0.5492         0.0713         0.0751         0.0810         0.0722        -0.1389        -0.0457        -0.1050        -0.0316         0.0529        -0.7243        -0.0316        -0.0679        -0.3050        -0.1008        -0.0921        -0.0950         0.0722        -0.1050        -0.1389         0.5473         1.0000         0.1672         0.2377        -0.0950
dinve                  -0.0154         0.1826         0.1826        -0.1070         0.0009        -0.0281         0.1028         0.0665         0.0809        -0.0832        -0.0227        -0.0866        -0.1859         0.0659        -0.2112        -0.0297         0.6545        -0.2060        -0.1064         0.0120        -0.0178         0.0809        -0.0866        -0.0832         0.6120         0.1672         1.0000         0.3016        -0.0178
dw                      0.0763         0.1501         0.1501         0.0717         0.3248         0.0806         0.0959         0.1399         0.1138        -0.1995         0.0687        -0.0906        -0.0458         0.0190        -0.2546        -0.0159         0.0188        -0.2065        -0.4109         0.1232         0.0281         0.1138        -0.0906        -0.1995         0.3697         0.2377         0.3016         1.0000         0.0281
inf_fore_1_4            0.8382         0.5361         0.5361         0.4732         0.0538        -0.7024         0.0212        -0.3768        -0.5896         0.8636         0.8218         0.7108        -0.0279        -0.0832        -0.0048        -0.0294        -0.0011        -0.0171         0.2167         0.8883         1.0000        -0.5896         0.7108         0.8636        -0.0603        -0.0950        -0.0178         0.0281         1.0000


AUTOCORRELATION OF SIMULATED VARIABLES
VARIABLE              1       2       3       4       5
mc               0.9869  0.9654  0.9399  0.9127  0.8850
zcap             0.9868  0.9649  0.9390  0.9113  0.8831
rk               0.9868  0.9649  0.9390  0.9113  0.8831
k                0.9876  0.9661  0.9400  0.9113  0.8814
q                0.5900  0.4599  0.3852  0.3308  0.2814
c                0.9899  0.9756  0.9604  0.9451  0.9299
inve             0.9788  0.9333  0.8744  0.8094  0.7427
y                0.9734  0.9361  0.8947  0.8520  0.8094
lab              0.9759  0.9461  0.9147  0.8830  0.8521
pinf             0.6051  0.4942  0.4598  0.4442  0.4329
w                0.9906  0.9727  0.9503  0.9259  0.9007
r                0.9202  0.8447  0.7811  0.7279  0.6839
kp               0.9987  0.9949  0.9889  0.9808  0.9710
eps_a            0.9547  0.9117  0.8710  0.8321  0.7946
eps_b            0.2029  0.0452  0.0116  0.0054  0.0021
eps_g            0.9621  0.9257  0.8907  0.8570  0.8240
eps_i            0.7595  0.5775  0.4396  0.3355  0.2557
eps_r            0.0465  0.0068 -0.0033 -0.0018  0.0014
eps_p            0.0247  0.0013 -0.0012  0.0012 -0.0031
eps_w            0.9826  0.9656  0.9485  0.9317  0.9151
pinf_exp         0.8004  0.7707  0.7521  0.7336  0.7202
labobs           0.9759  0.9461  0.9147  0.8830  0.8521
robs             0.9202  0.8447  0.7811  0.7279  0.6839
cpi_quarterly    0.6051  0.4942  0.4598  0.4442  0.4329
dy               0.2016  0.0775  0.0242 -0.0030 -0.0180
dc               0.2087  0.0442  0.0025 -0.0028 -0.0053
dinve            0.5768  0.3158  0.1462  0.0383 -0.0297
dw               0.4541  0.2358  0.1094  0.0423 -0.0020
inf_fore_1_4     0.8004  0.7707  0.7521  0.7336  0.7202



VARIANCE DECOMPOSITION SIMULATING ONE SHOCK AT A TIME (in percent)
                            eta_a             eta_b             eta_g             eta_i             eta_r             eta_p             eta_w        eta_pi_exp  Tot. lin. contr.
mc                           4.11              0.62              0.65              0.44              4.37              2.65             89.33              0.18            102.34
zcap                         6.92              1.59             11.88             26.34              8.35              3.96             31.67              0.34             91.05
rk                           6.92              1.59             11.88             26.34              8.35              3.96             31.67              0.34             91.05
k                            5.25              1.96              5.67             27.21             16.81              6.91             39.29              0.68            103.79
q                            1.29             35.95              2.02             51.68              6.26              1.35              1.76              0.29            100.60
c                            2.83              3.27              4.75              3.38              8.41              2.67             67.64              0.30             93.24
inve                         9.16              0.79             12.31             56.76             10.63              3.82              3.92              0.45             97.83
y                           22.99              4.28              3.82             17.03             18.46              6.49             26.23              0.70            100.01
lab                          3.97              3.05              8.26             12.25             10.50              3.32             60.50              0.39            102.24
pinf                         0.38              0.00              0.07              0.02              0.16             45.16             47.46              6.15             99.40
w                            1.00              0.51              1.44              1.49              4.29              2.54             92.58              0.18            104.03
r                            4.26              5.45              3.24             17.37              9.87              2.70             55.80              0.64             99.33
kp                          11.69              0.38             16.56             49.44              9.40              3.32              2.54              0.39             93.72
eps_a                      100.00              0.00              0.00              0.00              0.00              0.00              0.00              0.00            100.00
eps_b                        0.00            100.00              0.00              0.00              0.00              0.00              0.00              0.00            100.00
eps_g                       22.18              0.00             80.25              0.00              0.00              0.00              0.00              0.00            102.42
eps_i                        0.00              0.00              0.00            100.00              0.00              0.00              0.00              0.00            100.00
eps_r                        0.00              0.00              0.00              0.00            100.00              0.00              0.00              0.00            100.00
eps_p                        0.00              0.00              0.00              0.00              0.00            100.00              0.00              0.00            100.00
eps_w                        0.00              0.00              0.00              0.00              0.00              0.00            100.00              0.00            100.00
pinf_exp                     0.62              0.01              0.12              0.03              0.24              4.66             78.74             15.23             99.64
labobs                       3.97              3.05              8.26             12.25             10.50              3.32             60.50              0.39            102.24
robs                         4.26              5.45              3.24             17.37              9.87              2.70             55.80              0.64             99.33
cpi_quarterly                0.38              0.00              0.07              0.02              0.16             45.16             47.46              6.15             99.40
dy                          12.68             31.75             22.62             14.22             12.84              4.13              1.67              0.48            100.40
dc                           1.06             66.43              2.51              5.85             13.51              2.97              7.05              0.67            100.06
dinve                        2.60              5.73              3.55             75.37              7.25              2.36              2.55              0.26             99.67
dw                           0.31              7.61              0.72              1.05              7.01             17.82             65.43              0.31            100.28
inf_fore_1_4                 0.62              0.01              0.12              0.03              0.24              4.66             78.74             15.23             99.64
Note: numbers do not add up to 100 due to non-zero correlation of simulated shocks in small samples

Total computing time : 0h00m11s
Note: warning(s) encountered in MATLAB/Octave code
